epoch_0: 0.06329917552125422
epoch_1: 0.045171803242046366
epoch_2: 0.047039302432193536
epoch_3: 0.04796976646617256
epoch_4: 0.06357781045708938
epoch_5: 0.062021999087385316
epoch_6: 0.052315738421859964
epoch_7: 0.06329465869721132
epoch_8: 0.0696968523777414
epoch_9: 0.06334453510192367
epoch_10: 0.05332080105179146
epoch_11: 0.05789701228215129
epoch_12: 0.05377627090438614
epoch_13: 0.05575394410233898
epoch_14: 0.056383902013161256
