epoch_0: 0.10832655497366797
epoch_1: 0.1423805673310543
epoch_2: 0.10932953574782116
epoch_3: 0.11547313265993255
epoch_4: 0.10027098670934477
epoch_5: 0.08741822523635917
epoch_6: 0.08695616343767044
epoch_7: 0.08308760977328263
epoch_8: 0.11553623550698942
epoch_9: 0.08262742970564216
epoch_10: 0.06298609437589815
epoch_11: 0.09384336323626104
epoch_12: 0.10382049208416413
epoch_13: 0.10049183877939434
epoch_14: 0.09397245370804631
