epoch_0: 0.0708866120471297
epoch_1: 0.13744869040846902
epoch_2: 0.08734775691288296
epoch_3: 0.08797726804182879
epoch_4: 0.07800103821381009
epoch_5: 0.11136429817464101
epoch_6: 0.09780048719695403
epoch_7: 0.08491381189170763
epoch_8: 0.10497361721724657
epoch_9: 0.09002283024997196
epoch_10: 0.07714259236476322
epoch_11: 0.09152261776740825
epoch_12: 0.09512516763077436
epoch_13: 0.10903847553561297
epoch_14: 0.09768730739134877
