epoch_0: 0.10780591328292066
epoch_1: 0.0890853003695063
epoch_2: 0.10634243633438038
epoch_3: 0.11639761340595096
epoch_4: 0.3168725184789303
epoch_5: 0.15381997994800406
epoch_6: 0.4256326295979055
epoch_7: 0.44351473398899177
epoch_8: 0.43311417263266794
epoch_9: 0.42934511376041495
epoch_10: 0.3853465830082612
epoch_11: 0.6402704624460367
epoch_12: 0.3091982482240705
epoch_13: 0.4940557469843423
epoch_14: 0.46767756321633414
