epoch_0: 0.3238892700387677
epoch_1: 0.3539366122276414
epoch_2: 0.3578756036060038
epoch_3: 0.3433392453122408
epoch_4: 0.2984946881287128
epoch_5: 0.3675193189552384
epoch_6: 0.3722963896250221
epoch_7: 0.3273176033125217
epoch_8: 0.34917464447868335
epoch_9: 0.31632459135462293
epoch_10: 0.27352415955342646
epoch_11: 0.29532391079117526
epoch_12: 0.28768300077369247
epoch_13: 0.29914520904372455
epoch_14: 0.29874100407126286
