epoch_0: 0.2124396292116251
epoch_1: 0.2647475704193549
epoch_2: 0.2528539899823813
epoch_3: 0.29898721962852437
epoch_4: 0.32045741940393135
epoch_5: 0.3123314845393196
epoch_6: 0.29328183639303984
epoch_7: 0.2919550626511347
epoch_8: 0.268946672152433
epoch_9: 0.30199789094086776
epoch_10: 0.22023378770418944
epoch_11: 0.28113064764818946
epoch_12: 0.2348147599002913
epoch_13: 0.2701730712295323
epoch_14: 0.24883650491440076
