epoch_0: 0.2324235521902583
epoch_1: 0.2187620622038384
epoch_2: 0.2288788629212936
epoch_3: 0.20227823296833414
epoch_4: 0.1981444532341607
epoch_5: 0.1820057643241597
epoch_6: 0.1892694432105452
epoch_7: 0.1995275127049042
epoch_8: 0.21864445434607058
epoch_9: 0.1797615919975486
epoch_10: 0.13902745441265402
epoch_11: 0.1712316505990071
epoch_12: 0.19293089241673925
epoch_13: 0.15810411746528588
epoch_14: 0.16514679876253519
