epoch_0: 0.06983247263626235
epoch_1: 0.034405180703488976
epoch_2: 0.029366723987700474
epoch_3: 0.03224062545843371
epoch_4: 0.06684204951694371
epoch_5: 0.2850561802291739
epoch_6: 0.045727421797272745
epoch_7: 0.08312308738352561
epoch_8: 0.054693799241759426
epoch_9: 0.07130376133723669
epoch_10: 0.03222401977292268
epoch_11: 0.024771450875404083
epoch_12: 0.10253348878235778
epoch_13: 0.0400003032040102
epoch_14: 0.03846128802944049
