epoch_0: 0.6593007549095594
epoch_1: 0.671517957616149
epoch_2: 0.6884887946652719
epoch_3: 0.7814361470163096
epoch_4: 0.8102257444278148
epoch_5: 0.7510834752593437
epoch_6: 0.7965133863529166
epoch_7: 0.7517211860356855
epoch_8: 0.7865226119926796
epoch_9: 0.8059306762319249
epoch_10: 0.7835892002789532
epoch_11: 0.7903382690620578
epoch_12: 0.75290169307794
epoch_13: 0.7539277249284295
epoch_14: 0.7461865387983037
