epoch_0: 0.26866842974062044
epoch_1: 0.31217511006900744
epoch_2: 0.37783255398144433
epoch_3: 0.41504765061888865
epoch_4: 0.4113858708750683
epoch_5: 0.40587470936815007
epoch_6: 0.3932569109758011
epoch_7: 0.4422756196017963
epoch_8: 0.3980201467513388
epoch_9: 0.3942336437326013
epoch_10: 0.37840490721694187
epoch_11: 0.37643195330830087
epoch_12: 0.35461426046671624
epoch_13: 0.3959238693460037
epoch_14: 0.3595329497962644
