epoch_0: 0.12590962282433305
epoch_1: 0.15253828850629414
epoch_2: 0.11195636381382501
epoch_3: 0.17339315623592724
epoch_4: 0.10745730025864386
epoch_5: 0.13405120317131583
epoch_6: 0.1513856558456978
epoch_7: 0.15006686074270492
epoch_8: 0.11182513685239845
epoch_9: 0.14923786785020104
epoch_10: 0.16356735042132003
epoch_11: 0.12032714238201056
epoch_12: 0.11319129744819645
epoch_13: 0.1355700887250596
epoch_14: 0.2098176661302235
epoch_15: 0.12990469709617525
epoch_16: 0.169494830175563
epoch_17: 0.15935997305641228
epoch_18: 0.1671004436704679
epoch_19: 0.1832622924309847
epoch_20: 0.19370106872935333
epoch_21: 0.16333465497951394
epoch_22: 0.17774993053889307
epoch_23: 0.20222421166860327
epoch_24: 0.21926338751063312
epoch_25: 0.19400367266253876
epoch_26: 0.1668139639593328
epoch_27: 0.18196801423712142
epoch_28: 0.16283791210968887
epoch_29: 0.21600192821188804
epoch_30: 0.20574530942631836
epoch_31: 0.1918084373080503
epoch_32: 0.17450133495727177
epoch_33: 0.20275419124272345
epoch_34: 0.179834210302102
epoch_35: 0.17408758884656797
epoch_36: 0.22832025920960383
epoch_37: 0.24309861497924407
epoch_38: 0.16223437765401427
epoch_39: 0.16598647280828321
epoch_40: 0.23895952800778686
epoch_41: 0.19841376692620522
epoch_42: 0.21145523360301877
epoch_43: 0.22532909356423508
epoch_44: 0.20083900276736577
epoch_45: 0.18928849027759376
epoch_46: 0.17608423436103243
epoch_47: 0.2251805365872719
epoch_48: 0.26080448783904436
epoch_49: 0.23109887029310527
epoch_50: 0.20736610931646934
epoch_51: 0.27018693019501766
epoch_52: 0.20382076521435682
epoch_53: 0.18064061562479355
epoch_54: 0.20200841887117485
epoch_55: 0.21946981057299833
epoch_56: 0.20593695955905567
epoch_57: 0.20461417529224846
epoch_58: 0.18026913325484945
epoch_59: 0.22436568327664896
epoch_60: 0.2355729710894029
epoch_61: 0.22453941283324347
epoch_62: 0.18610000666583737
epoch_63: 0.21737319979715575
epoch_64: 0.19696818331192187
epoch_65: 0.23082830278197944
epoch_66: 0.16983021290487554
epoch_67: 0.17608931509797945
epoch_68: 0.1928309416551898
epoch_69: 0.20235546188849468
epoch_70: 0.19384145561044788
epoch_71: 0.19011366659741202
epoch_72: 0.16811020211427566
epoch_73: 0.1708461785804481
epoch_74: 0.19984993887468228
epoch_75: 0.20740518686501042
epoch_76: 0.2090101488831712
epoch_77: 0.20533154848637458
epoch_78: 0.17538720973970634
epoch_79: 0.19198595928216627
epoch_80: 0.19483712493183325
epoch_81: 0.20323588480777843
epoch_82: 0.23092769216544679
epoch_83: 0.20925819943419052
epoch_84: 0.22592074876693233
epoch_85: 0.22407707997468088
epoch_86: 0.21362949504021983
epoch_87: 0.2011669901090027
epoch_88: 0.19701284828920623
epoch_89: 0.20246063182037766
epoch_90: 0.20712921757963643
epoch_91: 0.19210353783273862
epoch_92: 0.20115301857921838
epoch_93: 0.2171566372323937
epoch_94: 0.19304649896949977
epoch_95: 0.19041251434379755
epoch_96: 0.18281431253626246
epoch_97: 0.2267602222202659
epoch_98: 0.21282362744160102
epoch_99: 0.20256906385695747
