epoch_0: 0.07175441912225695
epoch_1: 0.11891933732425711
epoch_2: 0.1105599235292423
epoch_3: 0.09584336572545993
epoch_4: 0.09957938089441334
epoch_5: 0.0932239235711784
epoch_6: 0.09699306786632858
epoch_7: 0.0878998344149155
epoch_8: 0.10928557389707594
epoch_9: 0.11771855024575563
epoch_10: 0.0928142081809169
epoch_11: 0.09211326016141408
epoch_12: 0.12048497083894491
epoch_13: 0.14397402789594893
epoch_14: 0.15189471019307482
epoch_15: 0.10083597722836632
epoch_16: 0.09954619832557542
epoch_17: 0.12149689486981258
epoch_18: 0.11150114310110665
epoch_19: 0.11291577395722449
epoch_20: 0.11683063996118323
epoch_21: 0.09934834171640192
epoch_22: 0.12822493715357852
epoch_23: 0.09473050963261069
epoch_24: 0.1286427115810539
epoch_25: 0.10471819607341806
epoch_26: 0.10785350397100824
epoch_27: 0.11865143574074219
epoch_28: 0.12328018086944746
epoch_29: 0.13161056192030915
epoch_30: 0.11439534232527886
epoch_31: 0.1128219549397799
epoch_32: 0.12233659314856198
epoch_33: 0.12365313348974855
epoch_34: 0.13070716518220343
epoch_35: 0.10616166165302608
epoch_36: 0.12262438004592405
epoch_37: 0.11640017640855768
epoch_38: 0.10238380468293498
epoch_39: 0.09975030615501995
epoch_40: 0.10720856826411411
epoch_41: 0.1133703007632834
epoch_42: 0.09756798715230196
epoch_43: 0.10493491610974429
epoch_44: 0.10981084424675136
epoch_45: 0.11015598742786586
epoch_46: 0.13911037970443013
epoch_47: 0.1013722788620846
epoch_48: 0.11036409204023707
epoch_49: 0.10726685170129
epoch_50: 0.1413940542917415
epoch_51: 0.1087370413102882
epoch_52: 0.13252300817518134
epoch_53: 0.12047785845246602
epoch_54: 0.11427365772472968
epoch_55: 0.08853452195505586
epoch_56: 0.08479803538799358
epoch_57: 0.10949372035608909
epoch_58: 0.09494850075462583
epoch_59: 0.1073431803970323
epoch_60: 0.09996957046554067
epoch_61: 0.09970494609426403
epoch_62: 0.09417377613320055
epoch_63: 0.11573479599306169
epoch_64: 0.08716826127913843
epoch_65: 0.1065815834760859
epoch_66: 0.10390766706306964
epoch_67: 0.09336564527512756
epoch_68: 0.09859782034043944
epoch_69: 0.10136478661829622
epoch_70: 0.11270803700854927
epoch_71: 0.12138251203181122
epoch_72: 0.10716575677784973
epoch_73: 0.11390081603265176
epoch_74: 0.11775847844465229
epoch_75: 0.1266902376885507
epoch_76: 0.10558320295273797
epoch_77: 0.09281018980913824
epoch_78: 0.11272461178482689
epoch_79: 0.11074855982881
epoch_80: 0.10330951883271783
epoch_81: 0.11255963255671454
epoch_82: 0.11595108478106661
epoch_83: 0.1217387659120497
epoch_84: 0.12327800144840448
epoch_85: 0.1217389146089734
epoch_86: 0.11792436998686043
epoch_87: 0.13594271631152596
epoch_88: 0.11749326676780938
epoch_89: 0.11597321391715093
epoch_90: 0.10878566154042672
epoch_91: 0.11226339998785367
epoch_92: 0.12914932947221808
epoch_93: 0.10933365102954361
epoch_94: 0.10550874374034377
epoch_95: 0.09287868024185103
epoch_96: 0.10185362691367605
epoch_97: 0.12380972281130365
epoch_98: 0.10153925785614001
epoch_99: 0.09044154082115213
