epoch_0: 0.11197565167513213
epoch_1: 0.15430889445925788
epoch_2: 0.12028805042848603
epoch_3: 0.12950986126693637
epoch_4: 0.14975342867594657
epoch_5: 0.18078566235053953
epoch_6: 0.24685899717615262
epoch_7: 0.1752307798717515
epoch_8: 0.17437309323975494
epoch_9: 0.20866378798089458
epoch_10: 0.2678380377175753
epoch_11: 0.22066658504615078
epoch_12: 0.17221633693518307
epoch_13: 0.1992486519413269
epoch_14: 0.2388132296671229
epoch_15: 0.18212933708675622
epoch_16: 0.24295559398130082
epoch_17: 0.2197345735451546
epoch_18: 0.2500323801334412
epoch_19: 0.20776476097101124
epoch_20: 0.21796774526143672
epoch_21: 0.18473228074762102
epoch_22: 0.2370767499897217
epoch_23: 0.27351180987946105
epoch_24: 0.229889123091592
epoch_25: 0.19980687447433154
epoch_26: 0.1794466827655634
epoch_27: 0.2193372099965989
epoch_28: 0.24580715018911029
epoch_29: 0.19438528390481952
epoch_30: 0.20487009540473225
epoch_31: 0.1967578674743211
epoch_32: 0.1728882411100023
epoch_33: 0.19093212202979515
epoch_34: 0.20205832630603723
epoch_35: 0.1655658781022114
epoch_36: 0.21206420100136858
epoch_37: 0.24159857303176718
epoch_38: 0.23759044539490115
epoch_39: 0.17888563449884004
epoch_40: 0.254984053344674
epoch_41: 0.18643056508637884
epoch_42: 0.19377637629235034
epoch_43: 0.22594067926616315
epoch_44: 0.18204530999085364
epoch_45: 0.17898895713201318
epoch_46: 0.249761739981688
epoch_47: 0.20742443371827968
epoch_48: 0.22083473679371055
epoch_49: 0.1884705707518267
epoch_50: 0.17744171843805118
epoch_51: 0.20553538667793633
epoch_52: 0.2211769407819369
epoch_53: 0.20377082100758964
epoch_54: 0.21049977455255106
epoch_55: 0.1891091612524359
epoch_56: 0.2129979173907566
epoch_57: 0.18202079918994368
epoch_58: 0.1795979219905949
epoch_59: 0.19151259782900185
epoch_60: 0.19306944761747585
epoch_61: 0.18028687659376047
epoch_62: 0.1553784847650718
epoch_63: 0.19424283989425536
epoch_64: 0.19622906308956317
epoch_65: 0.21324613916496343
epoch_66: 0.22676806816247547
epoch_67: 0.20234766620432584
epoch_68: 0.18311350382612196
epoch_69: 0.16592896496257342
epoch_70: 0.1930137415434271
epoch_71: 0.18022238116042616
epoch_72: 0.19179354264957213
epoch_73: 0.15701911560417692
epoch_74: 0.17472732766055882
epoch_75: 0.20638199484456363
epoch_76: 0.21590326638241775
epoch_77: 0.179236823561533
epoch_78: 0.17667822086242352
epoch_79: 0.1588986310784093
epoch_80: 0.2649222624010239
epoch_81: 0.2482699713329552
epoch_82: 0.20482464788222224
epoch_83: 0.18418036322155945
epoch_84: 0.1794545642900658
epoch_85: 0.1817690890952104
epoch_86: 0.18188528156466527
epoch_87: 0.18655238825431414
epoch_88: 0.1888093945105269
epoch_89: 0.15051672439634864
epoch_90: 0.19112256136348058
epoch_91: 0.1972463469139437
epoch_92: 0.17749582330181024
epoch_93: 0.1538104482939862
epoch_94: 0.2080231762470764
epoch_95: 0.18402403952104937
epoch_96: 0.16632009957001048
epoch_97: 0.17190390140376485
epoch_98: 0.1733834431026915
epoch_99: 0.17659527383996473
