epoch_0: 0.10771688797306944
epoch_1: 0.17900091817004027
epoch_2: 0.24403149253038534
epoch_3: 0.24509036027846698
epoch_4: 0.3593595636211141
epoch_5: 0.36859268378084026
epoch_6: 0.42502312869012926
epoch_7: 0.41893283158162375
epoch_8: 0.4405458427536007
epoch_9: 0.401782199377277
epoch_10: 0.6019787610091248
epoch_11: 0.4072674148051511
epoch_12: 0.5018175280707986
epoch_13: 0.28633771850645023
epoch_14: 0.484890429064549
epoch_15: 0.23988260077258894
epoch_16: 0.652369209159141
epoch_17: 0.47344844976227307
epoch_18: 0.3713203903099643
epoch_19: 0.6775547323089307
epoch_20: 0.5080992324162191
epoch_21: 0.5328528531049977
epoch_22: 0.4367892319449298
epoch_23: 0.44978531238718017
epoch_24: 0.6393119539748854
epoch_25: 0.5739678946684231
epoch_26: 0.6338226443092609
epoch_27: 0.6238210026515723
epoch_28: 0.7747910304199346
epoch_29: 0.6716010202184237
epoch_30: 0.5775871854841353
epoch_31: 0.5456805766981443
epoch_32: 0.5038068224815675
epoch_33: 0.6611236447894822
epoch_34: 0.6225660731740764
epoch_35: 0.6614184862437341
epoch_36: 0.6277283759112341
epoch_37: 0.6557062564036812
epoch_38: 0.6607061466655013
epoch_39: 0.45911939722015055
epoch_40: 0.6219536398028135
epoch_41: 0.6133157472826551
epoch_42: 0.6022511080196509
epoch_43: 0.7004858671582711
epoch_44: 0.622107459462062
epoch_45: 0.5744728105638854
epoch_46: 0.5747080195841883
epoch_47: 0.6553817623342796
epoch_48: 0.5910450408774015
epoch_49: 0.6831636076453748
epoch_50: 0.547669532226187
epoch_51: 0.579839256773492
epoch_52: 0.6502341767161144
epoch_53: 0.543854783118534
epoch_54: 0.5226305520793723
epoch_55: 0.5768355283628569
epoch_56: 0.6296887644207321
epoch_57: 0.5755688334574833
epoch_58: 0.6308021073339943
epoch_59: 0.5943453294190386
epoch_60: 0.5918923891998178
epoch_61: 0.5801834542104823
epoch_62: 0.5845370724823998
epoch_63: 0.602426140319865
epoch_64: 0.6322723406504256
epoch_65: 0.49682447994434664
epoch_66: 0.6260359080363231
epoch_67: 0.6438556910077874
epoch_68: 0.5627230609333765
epoch_69: 0.6443038461421856
epoch_70: 0.5867817491419727
epoch_71: 0.6220898609661953
epoch_72: 0.5614309983814428
epoch_73: 0.5744332704779312
epoch_74: 0.6812908992243789
epoch_75: 0.6463395385754255
epoch_76: 0.5446344807906307
epoch_77: 0.6102880000548787
epoch_78: 0.5585122943172025
epoch_79: 0.3425659465349121
epoch_80: 0.35462003765523575
epoch_81: 0.5975808247753369
epoch_82: 0.5303249379071994
epoch_83: 0.5706515545329828
epoch_84: 0.6416255012928603
epoch_85: 0.5802096427500608
epoch_86: 0.6274279008896052
epoch_87: 0.6437412351731362
epoch_88: 0.6445212173996792
epoch_89: 0.555921436681961
epoch_90: 0.6606578541889345
epoch_91: 0.6172455685833145
epoch_92: 0.518384228672299
epoch_93: 0.6324724705646095
epoch_94: 0.6128823538718925
epoch_95: 0.5426171698032283
epoch_96: 0.5281906238654591
epoch_97: 0.562971857454184
epoch_98: 0.6771943889305848
epoch_99: 0.6467912452983122
