epoch_0: 0.18102459364299467
epoch_1: 0.1865168389715479
epoch_2: 0.19227589801587344
epoch_3: 0.19462268514033806
epoch_4: 0.20939352014346918
epoch_5: 0.18975516878664206
epoch_6: 0.20344045039113326
epoch_7: 0.1834328377051203
epoch_8: 0.21869233113207884
epoch_9: 0.18310774385194784
epoch_10: 0.15956863574563732
epoch_11: 0.1918361958249373
epoch_12: 0.1987389923417857
epoch_13: 0.1796411818171808
epoch_14: 0.24658457838309952
epoch_15: 0.1786916290248986
epoch_16: 0.2089601527928926
epoch_17: 0.18555754134140498
epoch_18: 0.21169349789227682
epoch_19: 0.2293453640879296
epoch_20: 0.21402045910519357
epoch_21: 0.18367543534565173
epoch_22: 0.19630746631501994
epoch_23: 0.19559151629229646
epoch_24: 0.21965522805866583
epoch_25: 0.1996880719148653
epoch_26: 0.21915176124174118
epoch_27: 0.22319347792553204
epoch_28: 0.21149951189510968
epoch_29: 0.21148968984113092
epoch_30: 0.21250755532509247
epoch_31: 0.21068960669517126
epoch_32: 0.19036169544232753
epoch_33: 0.1979566928212518
epoch_34: 0.2153563862824616
epoch_35: 0.21755688117727673
epoch_36: 0.1901067760851976
epoch_37: 0.21701370930137695
epoch_38: 0.1569453145435586
epoch_39: 0.19047622009176365
epoch_40: 0.15627559509680133
epoch_41: 0.1818148193664024
epoch_42: 0.18765647173254416
epoch_43: 0.20716248540298365
epoch_44: 0.2058028921246256
epoch_45: 0.18916710883576815
epoch_46: 0.1679947810451862
epoch_47: 0.18439681821628834
epoch_48: 0.1590560996269483
epoch_49: 0.1853605280167649
epoch_50: 0.21030073356998327
epoch_51: 0.18125880894651492
epoch_52: 0.15933400407555787
epoch_53: 0.15215563271012578
epoch_54: 0.18132447087973558
epoch_55: 0.15963059245640243
epoch_56: 0.17994593178612905
epoch_57: 0.1832648390429525
epoch_58: 0.17969204704666955
epoch_59: 0.16070079916415297
epoch_60: 0.16433126694749733
epoch_61: 0.17815700162241924
epoch_62: 0.15984595106225036
epoch_63: 0.2016272845294023
epoch_64: 0.16077417064604652
epoch_65: 0.18165549442098475
epoch_66: 0.15121140135181607
epoch_67: 0.17293006011268292
epoch_68: 0.1685194898549505
epoch_69: 0.15164278974123258
epoch_70: 0.1763458842329298
epoch_71: 0.16112678219828364
epoch_72: 0.14317488001403872
epoch_73: 0.1582061100682478
epoch_74: 0.17597406865429144
epoch_75: 0.15494827075444423
epoch_76: 0.15493416779690716
epoch_77: 0.14994594262014843
epoch_78: 0.16096825199323905
epoch_79: 0.16973546519880273
epoch_80: 0.166610020776959
epoch_81: 0.16040276347013913
epoch_82: 0.17863566294150582
epoch_83: 0.19440083567259753
epoch_84: 0.1756449078223421
epoch_85: 0.16674778608862464
epoch_86: 0.16415566826002093
epoch_87: 0.16691049457820284
epoch_88: 0.15923762665860042
epoch_89: 0.1655826104580631
epoch_90: 0.1689064513490075
epoch_91: 0.17182460160064789
epoch_92: 0.16057647816991166
epoch_93: 0.16204311444512703
epoch_94: 0.17876817390610034
epoch_95: 0.17245694249903998
epoch_96: 0.16405522480737703
epoch_97: 0.17172563759674625
epoch_98: 0.1769982813293822
epoch_99: 0.1673777483315399
