epoch_0: 0.2160540484033301
epoch_1: 0.2532164518345166
epoch_2: 0.2279180076656705
epoch_3: 0.2291736969113453
epoch_4: 0.21399430828075303
epoch_5: 0.2236785248023173
epoch_6: 0.21146551339099576
epoch_7: 0.20422210372160632
epoch_8: 0.20771941777354058
epoch_9: 0.2018204425296982
epoch_10: 0.2572764023334692
epoch_11: 0.2651724104581312
epoch_12: 0.27189595240895237
epoch_13: 0.21068819794911328
epoch_14: 0.25412089734481175
epoch_15: 0.27747975222171756
epoch_16: 0.30330929185250477
epoch_17: 0.30654190349184346
epoch_18: 0.2628450161552907
epoch_19: 0.28963483283470925
epoch_20: 0.2959318401825085
epoch_21: 0.3139453449613678
epoch_22: 0.3082624097581378
epoch_23: 0.2807426513099965
epoch_24: 0.29928606282973724
epoch_25: 0.29676194279197116
epoch_26: 0.28113053868110044
epoch_27: 0.2506647442814538
epoch_28: 0.32544411619802466
epoch_29: 0.3086775229978923
epoch_30: 0.30971656001807485
epoch_31: 0.28703314679057695
epoch_32: 0.29245813782020336
epoch_33: 0.27343813905734193
epoch_34: 0.27614460277713854
epoch_35: 0.26373653329466573
epoch_36: 0.28441529225505663
epoch_37: 0.291466841094866
epoch_38: 0.2981879087431911
epoch_39: 0.2794497590801659
epoch_40: 0.3128525516078662
epoch_41: 0.23986825505741388
epoch_42: 0.28605080569669666
epoch_43: 0.26933559196545226
epoch_44: 0.27917501419895424
epoch_45: 0.27075117251908765
epoch_46: 0.2573105379208745
epoch_47: 0.2912283786080238
epoch_48: 0.26067547720515954
epoch_49: 0.27907322716483945
epoch_50: 0.28437931844410236
epoch_51: 0.2900701444069288
epoch_52: 0.26597909899551825
epoch_53: 0.241176094739532
epoch_54: 0.22775937476674565
epoch_55: 0.24741002200410905
epoch_56: 0.23734138127507848
epoch_57: 0.2325756344315299
epoch_58: 0.23648896552576987
epoch_59: 0.2665742164921876
epoch_60: 0.232010427865108
epoch_61: 0.23095141883022519
epoch_62: 0.2176220313051322
epoch_63: 0.24295677935777266
epoch_64: 0.23121108655092695
epoch_65: 0.23501424720376127
epoch_66: 0.24401988934565944
epoch_67: 0.23861231288283324
epoch_68: 0.23373162133292208
epoch_69: 0.24628212482249764
epoch_70: 0.238704765127062
epoch_71: 0.230577149070095
epoch_72: 0.23784041368451056
epoch_73: 0.21432211052933992
epoch_74: 0.25371269732771196
epoch_75: 0.23763405065683305
epoch_76: 0.23120894311013596
epoch_77: 0.20709581213159245
epoch_78: 0.2032363476255394
epoch_79: 0.2625346519059194
epoch_80: 0.24899381153744693
epoch_81: 0.27270122820659726
epoch_82: 0.2586982646739733
epoch_83: 0.23530543220776348
epoch_84: 0.2483631298708743
epoch_85: 0.2254330008146048
epoch_86: 0.23521533458709068
epoch_87: 0.22540163484271306
epoch_88: 0.23736704868923153
epoch_89: 0.20610540142156267
epoch_90: 0.21299654254673134
epoch_91: 0.2020033888280644
epoch_92: 0.20624383029205096
epoch_93: 0.23611226067638819
epoch_94: 0.19423311147669398
epoch_95: 0.2119899995399963
epoch_96: 0.18297047150254406
epoch_97: 0.21913302396049691
epoch_98: 0.18730695170389258
epoch_99: 0.2045796362243988
