epoch_0: 0.12203830904020581
epoch_1: 0.18451854472673707
epoch_2: 0.20244532835986528
epoch_3: 0.19662611352671922
epoch_4: 0.21050318490905962
epoch_5: 0.2515063206692525
epoch_6: 0.24434553178658816
epoch_7: 0.24334841798407908
epoch_8: 0.257239401099392
epoch_9: 0.22644477655602702
epoch_10: 0.21376203358927992
epoch_11: 0.23384161176402518
epoch_12: 0.2575390109091578
epoch_13: 0.22594247416874635
epoch_14: 0.23762906376925888
epoch_15: 0.2494131587445706
epoch_16: 0.2810120799479622
epoch_17: 0.28207120311716677
epoch_18: 0.27404738868047496
epoch_19: 0.25449548881042594
epoch_20: 0.23538211681976828
epoch_21: 0.23065138004497024
epoch_22: 0.2422067419040211
epoch_23: 0.2149974836141499
epoch_24: 0.2435403607177093
epoch_25: 0.3042249044140056
epoch_26: 0.21977651832019937
epoch_27: 0.22211052184768376
epoch_28: 0.250494841263212
epoch_29: 0.2356028923280331
epoch_30: 0.26101983776447607
epoch_31: 0.24260632884718822
epoch_32: 0.22388072977320567
epoch_33: 0.21925252869165782
epoch_34: 0.2811155553911965
epoch_35: 0.2518088201790118
epoch_36: 0.2649595357026529
epoch_37: 0.2663325243050884
epoch_38: 0.26735197665580956
epoch_39: 0.2549936156672243
epoch_40: 0.272848771866838
epoch_41: 0.2630357212570217
epoch_42: 0.28496614199100795
epoch_43: 0.28200036616410695
epoch_44: 0.2901358364180416
epoch_45: 0.2688512046639342
epoch_46: 0.2488392786517816
epoch_47: 0.314801271045361
epoch_48: 0.272635478572261
epoch_49: 0.2959193961897023
epoch_50: 0.29277419485637707
epoch_51: 0.30211888342412596
epoch_52: 0.3363756415967688
epoch_53: 0.2546420417325859
epoch_54: 0.2768261280201818
epoch_55: 0.2722147137381695
epoch_56: 0.27691360379859076
epoch_57: 0.2698844856385903
epoch_58: 0.28420550124811006
epoch_59: 0.29451360437876833
epoch_60: 0.2930121678651814
epoch_61: 0.2538145622648059
epoch_62: 0.2949660886527496
epoch_63: 0.3058963162652545
epoch_64: 0.2869226199426408
epoch_65: 0.2885422472498615
epoch_66: 0.29183664482336635
epoch_67: 0.2860369574753983
epoch_68: 0.2917464452818974
epoch_69: 0.30146759162330344
epoch_70: 0.31440289074834016
epoch_71: 0.3185124865102155
epoch_72: 0.27891589271416123
epoch_73: 0.2998713515178537
epoch_74: 0.25221337650792586
epoch_75: 0.32456854099214716
epoch_76: 0.26641990853152153
epoch_77: 0.25501165272212856
epoch_78: 0.26750324398423647
epoch_79: 0.31223221292539194
epoch_80: 0.27196917913571217
epoch_81: 0.30494279046389616
epoch_82: 0.2579274274043198
epoch_83: 0.2723027382801515
epoch_84: 0.27223337113397905
epoch_85: 0.27332430371805794
epoch_86: 0.2743048362334523
epoch_87: 0.26380211491833283
epoch_88: 0.2549927487442737
epoch_89: 0.27913339367008966
epoch_90: 0.2657763569696717
epoch_91: 0.27909183592106296
epoch_92: 0.30417138673564076
epoch_93: 0.2589697381592393
epoch_94: 0.26862077471053136
epoch_95: 0.25774881302801755
epoch_96: 0.2852124413544561
epoch_97: 0.2860641526443326
epoch_98: 0.2643228438984565
epoch_99: 0.2915544778086054
