epoch_0: 0.01619923100357468
epoch_1: 0.03222187735485434
epoch_2: 0.02104318679265773
epoch_3: 0.03410966338202189
epoch_4: 0.031227341344708254
epoch_5: 0.031089480729606954
epoch_6: 0.06058640138235498
epoch_7: 0.0638408822987869
epoch_8: 0.04527551510765017
epoch_9: 0.03486816825829592
epoch_10: 0.038919999845184024
epoch_11: 0.036240198013902845
epoch_12: 0.03577819807582634
epoch_13: 0.04678738021155243
epoch_14: 0.034124690163672144
epoch_15: 0.024991081093542603
epoch_16: 0.0389024911077472
epoch_17: 0.029779745341613137
epoch_18: 0.03224173112764045
epoch_19: 0.03779950741940497
epoch_20: 0.0325305149029736
epoch_21: 0.0495223450729895
epoch_22: 0.0341355400012531
epoch_23: 0.05269691827687022
epoch_24: 0.03911941325921364
epoch_25: 0.03797658481954469
epoch_26: 0.036986324184983044
epoch_27: 0.054227139116203825
epoch_28: 0.038438847750242075
epoch_29: 0.04154080618846871
epoch_30: 0.0454957976902618
epoch_31: 0.04268254201863076
epoch_32: 0.03813746773552995
epoch_33: 0.04688651610093999
epoch_34: 0.03458455558580689
epoch_35: 0.033371076091495394
epoch_36: 0.034607656021143705
epoch_37: 0.039062040801464845
epoch_38: 0.03333383963577885
epoch_39: 0.04313282956599851
epoch_40: 0.02676001993295536
epoch_41: 0.03629904660266464
epoch_42: 0.033526473616488535
epoch_43: 0.0420633737345026
epoch_44: 0.03125631893066566
epoch_45: 0.039423228986224704
epoch_46: 0.03600790862536786
epoch_47: 0.030511638327358797
epoch_48: 0.032493022911735836
epoch_49: 0.04410584198888207
epoch_50: 0.029832178973557666
epoch_51: 0.04532218536823671
epoch_52: 0.042774392596955424
epoch_53: 0.04119605692380697
epoch_54: 0.05356685203501778
epoch_55: 0.043946267699702724
epoch_56: 0.057267320230326296
epoch_57: 0.04030355186134411
epoch_58: 0.0558578144117998
epoch_59: 0.05404107219102535
epoch_60: 0.0329263663881609
epoch_61: 0.044024528404063734
epoch_62: 0.04029749966318673
epoch_63: 0.04608009186378047
epoch_64: 0.05471971888395314
epoch_65: 0.03778789322615292
epoch_66: 0.03522120499410805
epoch_67: 0.04387173758485847
epoch_68: 0.036279507766196595
epoch_69: 0.03234880119971671
epoch_70: 0.04262013178589413
epoch_71: 0.035612867574851374
epoch_72: 0.04015293345843404
epoch_73: 0.0488995200228068
epoch_74: 0.0324673990252332
epoch_75: 0.039211268621920314
epoch_76: 0.0334556731276089
epoch_77: 0.02908199164504809
epoch_78: 0.042942920176860536
epoch_79: 0.02453157022109933
epoch_80: 0.0420268808144633
epoch_81: 0.03442294831291976
epoch_82: 0.02603295343174187
epoch_83: 0.028119106207126474
epoch_84: 0.025863484802403476
epoch_85: 0.02727766983918868
epoch_86: 0.02548660454145879
epoch_87: 0.03047669599371908
epoch_88: 0.025948233011256414
epoch_89: 0.025189284581026417
epoch_90: 0.028156780541882385
epoch_91: 0.027218725935474877
epoch_92: 0.02489344268798794
epoch_93: 0.029014645520888074
epoch_94: 0.030006787174770566
epoch_95: 0.03333905772746585
epoch_96: 0.028958567363078096
epoch_97: 0.023942407234421835
epoch_98: 0.02385652704368156
epoch_99: 0.05006601392450582
