epoch_0: 0.29865394311968485
epoch_1: 0.5714629124679147
epoch_2: 0.5985526556150464
epoch_3: 0.6318055228684532
epoch_4: 0.5838583124205019
epoch_5: 0.6633403342709839
epoch_6: 0.5262352145026746
epoch_7: 0.6701160615464842
epoch_8: 0.7196628936666212
epoch_9: 0.7122577225828755
epoch_10: 0.7160085585224231
epoch_11: 0.7056960457553206
epoch_12: 0.6844866573188033
epoch_13: 0.7124007841346521
epoch_14: 0.7859806712851387
epoch_15: 0.7515036094048623
epoch_16: 0.7772355884046067
epoch_17: 0.777182161367019
epoch_18: 0.7677161788532413
epoch_19: 0.7641694459145777
epoch_20: 0.7103886357875194
epoch_21: 0.7280781331922355
epoch_22: 0.7600762780818386
epoch_23: 0.7689089372253946
epoch_24: 0.7361576046274454
epoch_25: 0.783372856766091
epoch_26: 0.7399950854557833
epoch_27: 0.7085759795058568
epoch_28: 0.6911326897396008
epoch_29: 0.7511362060028569
epoch_30: 0.7107848923316934
epoch_31: 0.742978529460594
epoch_32: 0.7378210981565231
epoch_33: 0.7509257070368743
epoch_34: 0.7740008140860133
epoch_35: 0.74113150211431
epoch_36: 0.7352145866467834
epoch_37: 0.7486761784018673
epoch_38: 0.7493080300039723
epoch_39: 0.7078005765168378
epoch_40: 0.7551844955758774
epoch_41: 0.7716491532732882
epoch_42: 0.7439263044408819
epoch_43: 0.7262382870941188
epoch_44: 0.7767356204596193
epoch_45: 0.7098318663402227
epoch_46: 0.7704679544926091
epoch_47: 0.7545404150513823
epoch_48: 0.7655471492935028
epoch_49: 0.7566609290563573
epoch_50: 0.7576106730665072
epoch_51: 0.7786540825440819
epoch_52: 0.7871535090332558
epoch_53: 0.7660836927106197
epoch_54: 0.7737016844618371
epoch_55: 0.7429590955557313
epoch_56: 0.7262227024238417
epoch_57: 0.6993977800347722
epoch_58: 0.7564743238979383
epoch_59: 0.7362343295788807
epoch_60: 0.7458344038094215
epoch_61: 0.7357607830510551
epoch_62: 0.7080554204278386
epoch_63: 0.708252543808715
epoch_64: 0.7102573721040945
epoch_65: 0.710625190596554
epoch_66: 0.7075966973986962
epoch_67: 0.7639054299858477
epoch_68: 0.6919492999679554
epoch_69: 0.7405288754033769
epoch_70: 0.7003835117861722
epoch_71: 0.7689692979076741
epoch_72: 0.6806656016759185
epoch_73: 0.7041528026583377
epoch_74: 0.6212614612338125
epoch_75: 0.682742355718887
epoch_76: 0.6699979723586021
epoch_77: 0.6882635903650393
epoch_78: 0.6599641646483316
epoch_79: 0.5320166973148015
epoch_80: 0.5802047724277992
epoch_81: 0.6972754912644299
epoch_82: 0.5709619412314387
epoch_83: 0.71266229315563
epoch_84: 0.7094093382228789
epoch_85: 0.6876513731553048
epoch_86: 0.7163482190678043
epoch_87: 0.6473701097795923
epoch_88: 0.742333224694316
epoch_89: 0.7079675619159109
epoch_90: 0.6852848495592598
epoch_91: 0.6689146415574471
epoch_92: 0.685677650525888
epoch_93: 0.6738224778507079
epoch_94: 0.6173923411479606
epoch_95: 0.6468601112867095
epoch_96: 0.701820411138945
epoch_97: 0.7096263821153731
epoch_98: 0.6757335910842779
epoch_99: 0.7300421202113219
