epoch_0: 0.15936035694901007
epoch_1: 0.18166086170289572
epoch_2: 0.19367104083281844
epoch_3: 0.19942227521367875
epoch_4: 0.1794696640016862
epoch_5: 0.19617956075089557
epoch_6: 0.184819805280935
epoch_7: 0.17478502632212267
epoch_8: 0.19069972773439564
epoch_9: 0.18389146418374175
epoch_10: 0.18280900759285496
epoch_11: 0.23356517270398455
epoch_12: 0.16587479323051674
epoch_13: 0.19401479937191168
epoch_14: 0.20469579747406536
epoch_15: 0.22571402359166898
epoch_16: 0.22096450426384376
epoch_17: 0.1744887709007018
epoch_18: 0.1772326685394866
epoch_19: 0.2092368615250504
epoch_20: 0.1759724271648083
epoch_21: 0.20167293927669028
epoch_22: 0.17969789000858072
epoch_23: 0.19070958045826225
epoch_24: 0.2104271497963582
epoch_25: 0.2645968014279276
epoch_26: 0.24945832058976267
epoch_27: 0.22361300603668607
epoch_28: 0.2912985357486787
epoch_29: 0.2760144425959654
epoch_30: 0.22773631065033803
epoch_31: 0.2936040671902998
epoch_32: 0.23316624674236303
epoch_33: 0.2794815269468787
epoch_34: 0.3351740760292522
epoch_35: 0.2612717413203753
epoch_36: 0.2747077471401124
epoch_37: 0.27133463902639243
epoch_38: 0.3110205033940714
epoch_39: 0.2714573584147506
epoch_40: 0.26898205183065466
epoch_41: 0.3070491700080854
epoch_42: 0.327035089580101
epoch_43: 0.3004176356696511
epoch_44: 0.2931437521726177
epoch_45: 0.2366767017488017
epoch_46: 0.25804991522852316
epoch_47: 0.2855309241617183
epoch_48: 0.26277227448497475
epoch_49: 0.292537853913603
epoch_50: 0.291691237873015
epoch_51: 0.29842057684779744
epoch_52: 0.29544772065357616
epoch_53: 0.3046444716516107
epoch_54: 0.29507312143750536
epoch_55: 0.2950274609435042
epoch_56: 0.3017819620851275
epoch_57: 0.29767277737913117
epoch_58: 0.2725696046551938
epoch_59: 0.2724332101168947
epoch_60: 0.3100574691984139
epoch_61: 0.2875594175330285
epoch_62: 0.2848842900313625
epoch_63: 0.25504654083224987
epoch_64: 0.2719506556737521
epoch_65: 0.2846619456294168
epoch_66: 0.2680730857184299
epoch_67: 0.2613772923256121
epoch_68: 0.27110483708018485
epoch_69: 0.28058886849820847
epoch_70: 0.2886293138912729
epoch_71: 0.2583299416573131
epoch_72: 0.2644296658553521
epoch_73: 0.2789899934500929
epoch_74: 0.30253849163213997
epoch_75: 0.2767590496963359
epoch_76: 0.2788689474747418
epoch_77: 0.2648132164453158
epoch_78: 0.2866119443971354
epoch_79: 0.24934477383156253
epoch_80: 0.17355594577133823
epoch_81: 0.25887706474006905
epoch_82: 0.2805646599086153
epoch_83: 0.26497502433849496
epoch_84: 0.24410831359943178
epoch_85: 0.25827968217846264
epoch_86: 0.261000188623972
epoch_87: 0.27427107228661096
epoch_88: 0.2775573211310876
epoch_89: 0.28589660042833276
epoch_90: 0.27320092591397455
epoch_91: 0.25439448132200687
epoch_92: 0.2561140368817733
epoch_93: 0.2728308967165852
epoch_94: 0.26778434709491616
epoch_95: 0.27227641317947965
epoch_96: 0.26377357796366097
epoch_97: 0.24080559963366752
epoch_98: 0.2380473699987022
epoch_99: 0.2610427154372974
